Date,Week,Backlog of visa applications - Homes for Ukraine,Backlog of visa applications - Family Scheme,Backlog of visa applications - Super Sponsor,Backlog of visas issued - Homes for Ukraine,Backlog of visas issued - Family Scheme,Backlog of visas issued - Super Sponsor,Backlog of visas issued - Homes for Ukraine (upper bound),Backlog of visas issued - Family Scheme (upper bound),Backlog of visas issued - Super Sponsor (upper bound),Backlog of visas issued - Homes for Ukraine (lower bound),Backlog of visas issued - Family Scheme (lower bound),Backlog of visas issued - Super Sponsor (lower bound),Weekly applications - Homes for Ukraine,Weekly applications - Family Scheme,Arrival rate - Homes for Ukraine,Arrival rate - Family Scheme,Arrival rate - Super Sponsor,Arrival rate - Homes for Ukraine (upper bound),Arrival rate - Family Scheme (upper bound),Arrival rate - Super Sponsor (upper bound),Arrival rate - Homes for Ukraine (lower bound),Arrival rate - Family Scheme (lower bound),Arrival rate - Super Sponsor (lower bound),Weekly arrivals - Homes for Ukraine,Weekly arrivals - Family Scheme,Weekly arrivals - Super Sponsor,Weekly arrivals - Homes for Ukraine (upper bound),Weekly arrivals - Family Scheme (upper bound),Weekly arrivals - Super Sponsor (upper bound),Weekly arrivals - Homes for Ukraine (lower bound),Weekly arrivals - Family Scheme (lower bound),Weekly arrivals - Super Sponsor (lower bound),Weekly arrivals,Weekly arrivals (upper bound),Weekly arrivals (lower bound),Total arrivals,Total arrivals (upper bound),Total arrivals (lower bound)
2023-03-13,63,20252,20059,5735,23844,20214,15290,24473,20428,15467,23175,19999,15112,0,0,0.028836661575610642,0.02373544948150695,0.02373544948150695,0.05950797856700586,0.035662625073369814,0.035662625073369814,0,0.01180827388964409,0.01180827388964409,629,427,353,1298,642,531,0,213,176,1409,2471,389,166921,167983,165901
2023-03-20,64,17896,17725,5068,25512,22077,15601,26829,22531,15960,24075,21616,15236,0,0,0.028836661575610642,0.023312948661339334,0.023312948661339334,0.05950797856700586,0.03508323099575789,0.03508323099575789,0,0.011542666326920773,0.011542666326920773,688,471,356,1456,717,543,0,231,174,1515,2716,405,168436,170699,166306
2023-03-27,65,15814,15663,4478,26858,23634,15834,28911,24349,16378,24560,22901,15275,0,0,0.028836661575610642,0.022890447841171713,0.022890447841171713,0.05950797856700586,0.03450383691814597,0.03450383691814597,0,0.011277058764197457,0.011277058764197457,736,505,357,1597,777,551,0,244,172,1598,2925,416,170034,173624,166722
2023-04-03,66,13974,13841,3957,27924,24925,15999,30751,25919,16731,24680,23897,15240,0,0,0.028836661575610642,0.022467947021004096,0.022467947021004096,0.05950797856700586,0.03392444284053405,0.03392444284053405,0,0.011011451201474141,0.011011451201474141,774,531,356,1720,826,556,0,252,168,1661,3102,420,171695,176726,167142
2023-04-10,67,12348,12231,3497,28745,25986,16106,32377,27272,17027,24476,24643,15142,0,0,0.028836661575610642,0.022045446200836476,0.022045446200836476,0.05950797856700586,0.03334504876292212,0.03334504876292212,0,0.010745843638750826,0.010745843638750826,805,549,353,1830,864,558,0,257,164,1707,3252,421,173402,179978,167563
2023-04-17,68,10911,10808,3090,29353,26847,16165,33814,28437,17275,23986,25172,14991,0,0,0.028836661575610642,0.021622945380668855,0.021622945380668855,0.05950797856700586,0.0327656546853102,0.0327656546853102,0,0.010480236076027506,0.010480236076027506,829,562,348,1927,894,558,0,258,159,1739,3379,417,175141,183357,167980
2023-04-24,69,9642,9551,2730,29776,27535,16182,35083,29437,17482,23243,25514,14795,0,0,0.028836661575610642,0.021200444560501238,0.021200444560501238,0.05950797856700586,0.03218626060769828,0.03218626060769828,0,0.010214628513304192,0.010214628513304192,846,569,343,2012,915,556,0,257,153,1758,3483,410,176899,186840,168390
2023-05-01,70,8520,8440,2412,30039,28074,16164,36205,30294,17653,22277,25695,14560,0,0,0.028836661575610642,0.020777943740333617,0.020777943740333617,0.05950797856700586,0.03160686653008636,0.03160686653008636,0,0.009949020950580874,0.009949020950580874,859,572,336,2088,930,553,0,254,147,1767,3571,401,178666,190411,168791
2023-05-08,71,7529,7458,2131,30164,28485,16116,37196,31027,17793,21114,25737,14293,0,0,0.028836661575610642,0.020355442920166,0.020355442920166,0.05950797856700586,0.03102747245247444,0.03102747245247444,0,0.009683413387857559,0.009683413387857559,866,571,329,2154,940,548,0,249,141,1766,3642,390,180432,194053,169181
2023-05-15,72,6653,6590,1883,30170,28785,16043,38072,31653,17906,19777,25660,13999,0,0,0.028836661575610642,0.01993294209999838,0.01993294209999838,0.05950797856700586,0.03044807837486252,0.03044807837486252,0,0.009417805825134242,0.009417805825134242,870,568,321,2213,945,542,0,242,135,1759,3700,377,182191,197753,169558
2023-05-22,73,5879,5823,1664,30074,28990,15949,38846,32185,17997,18285,25482,13683,0,0,0.028836661575610642,0.01951044127983076,0.01951044127983076,0.05950797856700586,0.02986868429725059,0.02986868429725059,0,0.009152198262410925,0.009152198262410925,870,562,313,2266,945,535,0,235,128,1745,3746,363,183936,201499,169921
2023-05-29,74,5195,5146,1470,29891,29114,15839,39530,32636,18069,16657,25216,13350,0,0,0.028836661575610642,0.019087940459663142,0.019087940459663142,0.05950797856700586,0.029289290219638674,0.029289290219638674,0,0.00888659069968761,0.00888659069968761,867,553,304,2312,943,527,0,226,122,1724,3782,348,185660,205281,170269
2023-06-05,75,4591,4547,1299,29633,29170,15714,40134,33018,18125,14909,24878,13002,0,0,0.028836661575610642,0.01866543963949552,0.01866543963949552,0.05950797856700586,0.02870989614202675,0.02870989614202675,0,0.008620983136964295,0.008620983136964295,862,543,296,2352,937,519,0,217,115,1701,3808,332,187361,209089,170601
2023-06-12,76,4057,4018,1148,29312,29167,15578,40668,33339,18167,13055,24478,12643,0,0,0.028836661575610642,0.018242938819327904,0.018242938819327904,0.05950797856700586,0.02813050206441483,0.02813050206441483,0,0.008355375574240978,0.008355375574240978,855,532,287,2388,929,510,0,208,109,1674,3827,317,189035,212916,170918
2023-06-19,77,3585,3551,1014,28939,29114,15434,41140,33608,18199,11107,24026,12276,0,0,0.028836661575610642,0.017820437999160284,0.017820437999160284,0.05950797856700586,0.02755110798680291,0.02755110798680291,0,0.00808976801151766,0.00808976801151766,845,520,278,2420,919,501,0,198,102,1643,3840,300,190678,216756,171218
2023-06-26,78,3168,3138,896,28521,29020,15283,41557,33833,18221,9076,23533,11903,0,0,0.028836661575610642,0.017397937178992667,0.017397937178992667,0.05950797856700586,0.026971713909190988,0.026971713909190988,0,0.007824160448794346,0.007824160448794346,835,507,269,2448,906,491,0,188,96,1611,3845,284,192289,220601,171502
2023-07-03,79,2799,2773,792,28068,28892,15128,41926,34020,18235,6972,23005,11526,0,0,0.028836661575610642,0.016975436358825046,0.016975436358825046,0.05950797856700586,0.026392319831579063,0.026392319831579063,0,0.007558552886071029,0.007558552886071029,822,493,259,2473,893,481,0,178,90,1574,3847,268,193863,224448,171770
2023-07-10,80,2473,2450,700,27585,28737,14970,42252,34175,18243,4803,22450,11147,0,0,0.028836661575610642,0.016552935538657425,0.016552935538657425,0.05950797856700586,0.02581292575396714,0.02581292575396714,0,0.007292945323347712,0.007292945323347712,809,478,250,2495,878,471,0,168,84,1537,3844,252,195400,228292,172022
2023-07-17,81,2185,2165,619,27078,28558,14810,42540,34302,18246,2577,21873,10768,0,0,0.028836661575610642,0.01613043471848981,0.01613043471848981,0.05950797856700586,0.02523353167635522,0.02523353167635522,0,0.007027337760624397,0.007027337760624397,795,464,241,2514,862,460,0,158,78,1500,3836,236,196900,232128,172258
2023-07-24,82,1931,1913,547,26551,28361,14649,42794,34406,18245,300,21279,10390,0,0,0.028836661575610642,0.015707933898322188,0.015707933898322188,0.05950797856700586,0.024654137598743298,0.024654137598743298,0,0.00676173019790108,0.00676173019790108,781,449,233,2531,846,450,0,148,73,1463,3827,221,198363,235955,172479
2023-07-31,83,1706,1690,483,26010,28150,14489,43019,34491,18242,225,20674,10015,0,0,0.028836661575610642,0.015285433078154569,0.015285433078154569,0.05950797856700586,0.024074743521131377,0.024074743521131377,0,0.006496122635177761,0.006496122635177761,766,434,224,2547,828,439,0,138,67,1424,3814,205,199787,239769,172684
2023-08-07,84,1508,1493,427,25458,27929,14330,43217,34559,18236,198,20061,9642,0,0,0.028836661575610642,0.01486293225798695,0.01486293225798695,0.05950797856700586,0.023495349443519456,0.023495349443519456,0,0.006230515072454446,0.006230515072454446,750,418,215,2560,810,429,0,129,62,1383,3799,191,201170,243568,172875
2023-08-14,85,1333,1319,377,24899,27700,14173,43392,34613,18228,175,19443,9274,0,0,0.028836661575610642,0.014440431437819331,0.014440431437819331,0.05950797856700586,0.02291595536590753,0.02291595536590753,0,0.005964907509731131,0.005964907509731131,734,403,207,2572,792,418,0,120,58,1344,3782,178,202514,247350,173053
2023-08-21,86,1178,1166,333,24336,27465,14018,43547,34655,18219,155,18823,8911,0,0,0.028836661575610642,0.014017930617651712,0.014017930617651712,0.05950797856700586,0.022336561288295607,0.022336561288295607,0,0.005699299947007816,0.005699299947007816,718,388,199,2582,773,407,0,111,53,1305,3762,164,203819,251112,173217
