Date,Week,Backlog of visa applications - Homes for Ukraine,Backlog of visa applications - Family Scheme,Backlog of visa applications - Super Sponsor,Backlog of visas issued - Homes for Ukraine,Backlog of visas issued - Family Scheme,Backlog of visas issued - Super Sponsor,Backlog of visas issued - Homes for Ukraine (upper bound),Backlog of visas issued - Family Scheme (upper bound),Backlog of visas issued - Super Sponsor (upper bound),Backlog of visas issued - Homes for Ukraine (lower bound),Backlog of visas issued - Family Scheme (lower bound),Backlog of visas issued - Super Sponsor (lower bound),Weekly applications - Homes for Ukraine,Weekly applications - Family Scheme,Arrival rate - Homes for Ukraine,Arrival rate - Family Scheme,Arrival rate - Super Sponsor,Arrival rate - Homes for Ukraine (upper bound),Arrival rate - Family Scheme (upper bound),Arrival rate - Super Sponsor (upper bound),Arrival rate - Homes for Ukraine (lower bound),Arrival rate - Family Scheme (lower bound),Arrival rate - Super Sponsor (lower bound),Weekly arrivals - Homes for Ukraine,Weekly arrivals - Family Scheme,Weekly arrivals - Super Sponsor,Weekly arrivals - Homes for Ukraine (upper bound),Weekly arrivals - Family Scheme (upper bound),Weekly arrivals - Super Sponsor (upper bound),Weekly arrivals - Homes for Ukraine (lower bound),Weekly arrivals - Family Scheme (lower bound),Weekly arrivals - Super Sponsor (lower bound),Weekly arrivals,Weekly arrivals (upper bound),Weekly arrivals (lower bound),Total arrivals,Total arrivals (upper bound),Total arrivals (lower bound)
2023-03-06,62,19949,19697,5748,23834,20151,15271,24463,20434,15505,23140,19868,15037,0,0,0.028827487165386245,0.030514597635880505,0.030514597635880505,0.06060189433030587,0.04616016129452871,0.04616016129452871,0,0.014869033977232299,0.014869033977232299,629,552,457,1323,835,691,0,269,223,1638,2849,492,166020,167231,164874
2023-03-13,63,17621,17398,5077,25475,21835,15476,26791,22438,15952,23985,21224,14992,0,0,0.028827487165386245,0.030514597635880505,0.030514597635880505,0.06060189433030587,0.04616016129452871,0.04616016129452871,0,0.014869033977232299,0.014869033977232299,687,615,466,1483,943,716,0,295,224,1768,3142,519,167788,170373,165393
2023-03-20,64,15564,15367,4484,26798,23200,15597,28848,24153,16322,24418,22219,14849,0,0,0.028827487165386245,0.030514597635880505,0.030514597635880505,0.06060189433030587,0.04616016129452871,0.04616016129452871,0,0.014869033977232299,0.014869033977232299,734,666,472,1624,1036,736,0,316,223,1872,3396,539,169660,173769,165932
2023-03-27,65,13748,13574,3961,27841,24285,15644,30664,25616,16624,24486,22897,14619,0,0,0.028827487165386245,0.030514597635880505,0.030514597635880505,0.06060189433030587,0.04616016129452871,0.04616016129452871,0,0.014869033977232299,0.014869033977232299,773,708,476,1748,1115,753,0,330,221,1957,3616,551,171617,177385,166483
2023-04-03,66,12143,11990,3499,28643,25128,15629,32269,26860,16869,24233,23299,14314,0,0,0.028827487165386245,0.030514597635880505,0.030514597635880505,0.06060189433030587,0.04616016129452871,0.04616016129452871,0,0.014869033977232299,0.014869033977232299,803,741,477,1858,1182,767,0,340,217,2021,3807,557,173638,181192,167040
2023-04-10,67,10726,10591,3091,29234,25760,15560,33686,27913,17064,23694,23458,13943,0,0,0.028827487165386245,0.030514597635880505,0.030514597635880505,0.06060189433030587,0.04616016129452871,0.04616016129452871,0,0.014869033977232299,0.014869033977232299,826,767,477,1956,1240,779,0,346,213,2070,3975,559,175708,185167,167599
2023-04-17,68,9474,9355,2730,29643,26210,15446,34938,28800,17218,22905,23406,13516,0,0,0.028827487165386245,0.030514597635880505,0.030514597635880505,0.06060189433030587,0.04616016129452871,0.04616016129452871,0,0.014869033977232299,0.014869033977232299,843,786,475,2041,1288,788,0,349,207,2104,4117,556,177812,189284,168155
2023-04-24,69,8368,8263,2411,29894,26502,15294,36044,29544,17336,21894,23169,13040,0,0,0.028827487165386245,0.030514597635880505,0.030514597635880505,0.06060189433030587,0.04616016129452871,0.04616016129452871,0,0.014869033977232299,0.014869033977232299,855,800,471,2117,1329,795,0,348,201,2126,4241,549,179938,193525,168704
2023-05-01,70,7391,7299,2130,30009,26657,15108,37021,30163,17423,20687,22769,12521,0,0,0.028827487165386245,0.030514597635880505,0.030514597635880505,0.06060189433030587,0.04616016129452871,0.04616016129452871,0,0.014869033977232299,0.014869033977232299,862,809,467,2184,1364,800,0,345,194,2138,4348,539,182076,197873,169243
2023-05-08,71,6528,6447,1881,30007,26696,14896,37884,30676,17486,19306,22229,11966,0,0,0.028827487165386245,0.030514597635880505,0.030514597635880505,0.06060189433030587,0.04616016129452871,0.04616016129452871,0,0.014869033977232299,0.014869033977232299,865,813,461,2244,1392,804,0,339,186,2139,4440,525,184215,202313,169768
2023-05-15,72,5766,5695,1661,29904,26633,14661,38646,31097,17528,17772,21565,11379,0,0,0.028827487165386245,0.030514597635880505,0.030514597635880505,0.06060189433030587,0.04616016129452871,0.04616016129452871,0,0.014869033977232299,0.014869033977232299,865,815,455,2296,1416,807,0,331,178,2135,4519,509,186350,206832,170277
2023-05-22,73,5093,5030,1467,29715,26485,14408,39319,31441,17553,16103,20795,10764,0,0,0.028827487165386245,0.030514597635880505,0.030514597635880505,0.06060189433030587,0.04616016129452871,0.04616016129452871,0,0.014869033977232299,0.014869033977232299,862,813,447,2342,1435,809,0,321,169,2122,4586,490,188472,211418,170767
2023-05-29,74,4499,4443,1296,29452,26264,14139,39913,31719,17564,14314,19931,10125,0,0,0.028827487165386245,0.030514597635880505,0.030514597635880505,0.06060189433030587,0.04616016129452871,0.04616016129452871,0,0.014869033977232299,0.014869033977232299,857,808,440,2383,1451,810,0,309,160,2105,4644,469,190577,216062,171236
2023-06-05,75,3974,3924,1145,29128,25982,13859,40438,31942,17564,12420,18986,9465,0,0,0.028827487165386245,0.030514597635880505,0.030514597635880505,0.06060189433030587,0.04616016129452871,0.04616016129452871,0,0.014869033977232299,0.014869033977232299,849,801,431,2419,1464,811,0,296,151,2081,4694,447,192658,220756,171683
2023-06-12,76,3510,3466,1011,28752,25647,13570,40902,32118,17557,10433,17970,8788,0,0,0.028827487165386245,0.030514597635880505,0.030514597635880505,0.06060189433030587,0.04616016129452871,0.04616016129452871,0,0.014869033977232299,0.014869033977232299,840,793,423,2451,1474,811,0,282,141,2056,4736,423,194714,225492,172106
2023-06-19,77,3100,3061,893,28333,25269,13274,41312,32256,17544,8364,16892,8096,0,0,0.028827487165386245,0.030514597635880505,0.030514597635880505,0.06060189433030587,0.04616016129452871,0.04616016129452871,0,0.014869033977232299,0.014869033977232299,829,783,414,2479,1483,810,0,267,131,2026,4772,398,196740,230264,172504
2023-06-26,78,2738,2704,789,27878,24855,12973,41674,32362,17528,6222,15760,7390,0,0,0.028827487165386245,0.030514597635880505,0.030514597635880505,0.06060189433030587,0.04616016129452871,0.04616016129452871,0,0.014869033977232299,0.014869033977232299,817,771,405,2504,1489,810,0,251,120,1993,4803,371,198733,235067,172875
2023-07-03,79,2418,2388,697,27394,24413,12669,41994,32444,17510,4016,14582,6673,0,0,0.028827487165386245,0.030514597635880505,0.030514597635880505,0.06060189433030587,0.04616016129452871,0.04616016129452871,0,0.014869033977232299,0.014869033977232299,804,758,396,2526,1494,809,0,234,110,1958,4829,344,200691,239896,173219
2023-07-10,80,2136,2109,616,26886,23947,12363,42276,32506,17492,1753,13363,5946,0,0,0.028827487165386245,0.030514597635880505,0.030514597635880505,0.06060189433030587,0.04616016129452871,0.04616016129452871,0,0.014869033977232299,0.014869033977232299,790,745,387,2545,1498,808,0,217,99,1922,4851,316,202613,244747,173535
2023-07-17,81,1887,1863,544,26360,23462,12058,42525,32553,17476,249,12109,5211,0,0,0.028827487165386245,0.030514597635880505,0.030514597635880505,0.06060189433030587,0.04616016129452871,0.04616016129452871,0,0.014869033977232299,0.014869033977232299,775,731,377,2562,1500,807,0,199,88,1883,4869,287,204496,249616,173822
2023-07-24,82,1667,1646,481,25820,22963,11753,42745,32590,17462,220,10823,4467,0,0,0.028827487165386245,0.030514597635880505,0.030514597635880505,0.06060189433030587,0.04616016129452871,0.04616016129452871,0,0.014869033977232299,0.014869033977232299,760,716,368,2577,1503,807,0,180,77,1844,4887,257,206340,254503,174079
2023-07-31,83,1472,1454,425,25271,22454,11450,42940,32621,17452,195,9511,3717,0,0,0.028827487165386245,0.030514597635880505,0.030514597635880505,0.06060189433030587,0.04616016129452871,0.04616016129452871,0,0.014869033977232299,0.014869033977232299,744,701,359,2590,1504,806,0,161,66,1804,4900,227,208144,259403,174306
2023-08-07,84,1300,1284,375,24715,21939,11151,43112,32650,17447,172,8175,2961,0,0,0.028827487165386245,0.030514597635880505,0.030514597635880505,0.06060189433030587,0.04616016129452871,0.04616016129452871,0,0.014869033977232299,0.014869033977232299,728,685,349,2602,1506,806,0,141,55,1762,4914,196,209906,264317,174502
2023-08-14,85,1148,1134,331,24155,21420,10855,43264,32678,17447,152,6818,2200,0,0,0.028827487165386245,0.030514597635880505,0.030514597635880505,0.06060189433030587,0.04616016129452871,0.04616016129452871,0,0.014869033977232299,0.014869033977232299,712,669,340,2613,1507,805,0,122,44,1721,4925,166,211627,269242,174668
