Date,Week,Backlog of visa applications - Homes for Ukraine,Backlog of visa applications - Family Scheme,Backlog of visa applications - Super Sponsor,Backlog of visas issued - Homes for Ukraine,Backlog of visas issued - Family Scheme,Backlog of visas issued - Super Sponsor,Backlog of visas issued - Homes for Ukraine (upper bound),Backlog of visas issued - Family Scheme (upper bound),Backlog of visas issued - Super Sponsor (upper bound),Backlog of visas issued - Homes for Ukraine (lower bound),Backlog of visas issued - Family Scheme (lower bound),Backlog of visas issued - Super Sponsor (lower bound),Weekly applications - Homes for Ukraine,Weekly applications - Family Scheme,Arrival rate - Homes for Ukraine,Arrival rate - Family Scheme,Arrival rate - Super Sponsor,Arrival rate - Homes for Ukraine (upper bound),Arrival rate - Family Scheme (upper bound),Arrival rate - Super Sponsor (upper bound),Arrival rate - Homes for Ukraine (lower bound),Arrival rate - Family Scheme (lower bound),Arrival rate - Super Sponsor (lower bound),Weekly arrivals - Homes for Ukraine,Weekly arrivals - Family Scheme,Weekly arrivals - Super Sponsor,Weekly arrivals - Homes for Ukraine (upper bound),Weekly arrivals - Family Scheme (upper bound),Weekly arrivals - Super Sponsor (upper bound),Weekly arrivals - Homes for Ukraine (lower bound),Weekly arrivals - Family Scheme (lower bound),Weekly arrivals - Super Sponsor (lower bound),Weekly arrivals,Weekly arrivals (upper bound),Weekly arrivals (lower bound),Total arrivals,Total arrivals (upper bound),Total arrivals (lower bound)
2023-02-13,59,19621,18382,5778,23770,20750,15451,24411,21031,15676,23011,20469,15226,786,823,0.029400440145826642,0.0312701811821909,0.0312701811821909,0.06425673254291829,0.04615910384785833,0.04615910384785833,0,0.016381258516523473,0.016381258516523473,641,591,473,1400,872,698,0,310,248,1705,2970,558,162948,164213,161801
2023-02-20,60,17968,16951,5073,25466,22345,15673,26806,22940,16132,23837,21742,15207,742,813,0.029400440145826642,0.0312701811821909,0.0312701811821909,0.06425673254291829,0.04615910384785833,0.04615910384785833,0,0.016381258516523473,0.016381258516523473,699,649,483,1569,971,724,0,335,249,1831,3264,584,164779,167477,162385
2023-02-27,61,16473,15686,4454,26910,23715,15802,28999,24653,16502,24308,22752,15081,698,804,0.029400440145826642,0.0312701811821909,0.0312701811821909,0.06425673254291829,0.04615910384785833,0.04615910384785833,0,0.016381258516523473,0.016381258516523473,749,699,490,1722,1059,745,0,356,249,1938,3526,605,166717,171003,162990
2023-03-06,62,15116,14565,3910,28130,24888,15852,31010,26195,16799,24456,23529,14863,654,794,0.029400440145826642,0.0312701811821909,0.0312701811821909,0.06425673254291829,0.04615910384785833,0.04615910384785833,0,0.016381258516523473,0.016381258516523473,791,742,494,1863,1138,762,0,373,247,2027,3763,620,168744,174766,163610
2023-03-13,63,13881,13572,3433,29148,25888,15833,32855,27588,17033,24308,24098,14565,610,785,0.029400440145826642,0.0312701811821909,0.0312701811821909,0.06425673254291829,0.04615910384785833,0.04615910384785833,0,0.016381258516523473,0.016381258516523473,827,778,496,1993,1209,775,0,385,243,2101,3977,628,170845,178743,164238
2023-03-20,64,12753,12691,3014,29985,26734,15757,34549,28849,17213,23891,24481,14198,566,775,0.029400440145826642,0.0312701811821909,0.0312701811821909,0.06425673254291829,0.04615910384785833,0.04615910384785833,0,0.016381258516523473,0.016381258516523473,857,810,495,2111,1273,786,0,395,239,2162,4170,634,173007,182913,164872
2023-03-27,65,11718,11908,2646,30660,27447,15632,36106,29997,17348,23228,24698,13771,522,766,0.029400440145826642,0.0312701811821909,0.0312701811821909,0.06425673254291829,0.04615910384785833,0.04615910384785833,0,0.016381258516523473,0.016381258516523473,882,836,493,2220,1332,795,0,401,233,2211,4347,634,175218,187260,165506
2023-04-03,66,10766,11211,2323,31189,28042,15466,37536,31045,17445,22338,24766,13293,478,756,0.029400440145826642,0.0312701811821909,0.0312701811821909,0.06425673254291829,0.04615910384785833,0.04615910384785833,0,0.016381258516523473,0.016381258516523473,901,858,489,2320,1385,801,0,405,226,2248,4506,631,177466,191766,166137
2023-04-10,67,9886,10590,2039,31586,28533,15266,38850,32007,17511,21240,24701,12772,434,747,0.029400440145826642,0.0312701811821909,0.0312701811821909,0.06425673254291829,0.04615910384785833,0.04615910384785833,0,0.016381258516523473,0.016381258516523473,917,877,484,2412,1433,805,0,406,218,2278,4650,624,179744,196416,166761
2023-04-17,68,9069,10034,1790,31864,28934,15038,40057,32895,17551,19951,24517,12213,390,737,0.029400440145826642,0.0312701811821909,0.0312701811821909,0.06425673254291829,0.04615910384785833,0.04615910384785833,0,0.016381258516523473,0.016381258516523473,929,892,477,2496,1477,808,0,405,209,2298,4781,614,182042,201197,167375
2023-04-24,69,8308,9536,1572,32034,29254,14786,41164,33718,17569,18484,24224,11621,346,727,0.029400440145826642,0.0312701811821909,0.0312701811821909,0.06425673254291829,0.04615910384785833,0.04615910384785833,0,0.016381258516523473,0.016381258516523473,937,905,470,2574,1518,810,0,402,200,2312,4902,602,184354,206099,167977
2023-05-01,70,7596,9090,1380,32106,29503,14516,42178,34485,17571,16853,23832,11002,302,718,0.029400440145826642,0.0312701811821909,0.0312701811821909,0.06425673254291829,0.04615910384785833,0.04615910384785833,0,0.016381258516523473,0.016381258516523473,942,915,462,2645,1556,811,0,397,190,2319,5012,587,186673,211111,168564
2023-05-08,71,6927,8689,1212,32089,29689,14230,43105,35204,17559,15070,23349,10359,258,708,0.029400440145826642,0.0312701811821909,0.0312701811821909,0.06425673254291829,0.04615910384785833,0.04615910384785833,0,0.016381258516523473,0.016381258516523473,944,923,454,2710,1592,811,0,390,180,2321,5113,570,188994,216224,169134
2023-05-15,72,6296,8327,1064,31991,29822,13933,43950,35883,17537,13145,22785,9696,214,699,0.029400440145826642,0.0312701811821909,0.0312701811821909,0.06425673254291829,0.04615910384785833,0.04615910384785833,0,0.016381258516523473,0.016381258516523473,943,928,445,2770,1625,811,0,382,170,2316,5206,552,191310,221430,169686
2023-05-22,73,5698,8000,934,31818,29905,13627,44718,36526,17508,11089,22145,9017,170,689,0.029400440145826642,0.0312701811821909,0.0312701811821909,0.06425673254291829,0.04615910384785833,0.04615910384785833,0,0.016381258516523473,0.016381258516523473,941,933,436,2824,1656,809,0,373,159,2310,5289,532,193620,226719,170218
2023-05-29,74,5129,7704,820,31578,29946,13315,45413,37139,17474,8911,21435,8323,126,680,0.029400440145826642,0.0312701811821909,0.0312701811821909,0.06425673254291829,0.04615910384785833,0.04615910384785833,0,0.016381258516523473,0.016381258516523473,935,935,426,2873,1686,808,0,363,148,2296,5367,511,195916,232086,170729
2023-06-05,75,4585,7434,720,31276,29950,12999,46039,37728,17438,6619,20661,7616,82,670,0.029400440145826642,0.0312701811821909,0.0312701811821909,0.06425673254291829,0.04615910384785833,0.04615910384785833,0,0.016381258516523473,0.016381258516523473,928,936,416,2918,1714,807,0,351,136,2280,5439,487,198196,237525,171216
2023-06-12,76,4063,7188,632,30916,29920,12681,46599,38297,17401,4221,19827,6899,38,661,0.029400440145826642,0.0312701811821909,0.0312701811821909,0.06425673254291829,0.04615910384785833,0.04615910384785833,0,0.016381258516523473,0.016381258516523473,920,937,406,2958,1741,805,0,338,125,2263,5504,463,200459,243029,171679
2023-06-19,77,3567,6962,555,30503,29861,12361,47095,38849,17365,1723,18936,6173,0,651,0.029400440145826642,0.0312701811821909,0.0312701811821909,0.06425673254291829,0.04615910384785833,0.04615910384785833,0,0.016381258516523473,0.016381258516523473,909,936,397,2994,1768,803,0,325,113,2242,5565,438,202701,248594,172117
2023-06-26,78,3132,6754,487,30041,29777,12042,47530,39389,17332,435,17993,5439,0,642,0.029400440145826642,0.0312701811821909,0.0312701811821909,0.06425673254291829,0.04615910384785833,0.04615910384785833,0,0.016381258516523473,0.016381258516523473,897,934,387,3026,1793,802,0,310,101,2218,5621,411,204919,254215,172528
2023-07-03,79,2750,6562,428,29540,29670,11724,47912,39918,17302,382,16999,4698,0,632,0.029400440145826642,0.0312701811821909,0.0312701811821909,0.06425673254291829,0.04615910384785833,0.04615910384785833,0,0.016381258516523473,0.016381258516523473,883,931,377,3054,1818,800,0,295,89,2191,5672,384,207110,259887,172912
2023-07-10,80,2414,6383,376,29008,29543,11409,48248,40441,17277,336,15957,3951,0,622,0.029400440145826642,0.0312701811821909,0.0312701811821909,0.06425673254291829,0.04615910384785833,0.04615910384785833,0,0.016381258516523473,0.016381258516523473,868,928,367,3079,1843,799,0,278,77,2163,5721,355,209273,265608,173267
2023-07-17,81,2119,6217,330,28450,29398,11098,48543,40959,17258,295,14869,3200,0,613,0.029400440145826642,0.0312701811821909,0.0312701811821909,0.06425673254291829,0.04615910384785833,0.04615910384785833,0,0.016381258516523473,0.016381258516523473,853,924,357,3100,1867,797,0,261,65,2134,5764,326,211407,271372,173593
2023-07-24,82,1860,6061,290,27873,29238,10791,48802,41474,17246,259,13737,2443,0,603,0.029400440145826642,0.0312701811821909,0.0312701811821909,0.06425673254291829,0.04615910384785833,0.04615910384785833,0,0.016381258516523473,0.016381258516523473,836,919,347,3119,1891,797,0,244,52,2102,5807,296,213509,277179,173889
