Date,Week,Backlog of visa applications - Homes for Ukraine,Backlog of visa applications - Family Scheme,Backlog of visa applications - Super Sponsor,Backlog of visas issued - Homes for Ukraine,Backlog of visas issued - Family Scheme,Backlog of visas issued - Super Sponsor,Backlog of visas issued - Homes for Ukraine (upper bound),Backlog of visas issued - Family Scheme (upper bound),Backlog of visas issued - Super Sponsor (upper bound),Backlog of visas issued - Homes for Ukraine (lower bound),Backlog of visas issued - Family Scheme (lower bound),Backlog of visas issued - Super Sponsor (lower bound),Weekly applications - Homes for Ukraine,Weekly applications - Family Scheme,Arrival rate - Homes for Ukraine,Arrival rate - Family Scheme,Arrival rate - Super Sponsor,Arrival rate - Homes for Ukraine (upper bound),Arrival rate - Family Scheme (upper bound),Arrival rate - Super Sponsor (upper bound),Arrival rate - Homes for Ukraine (lower bound),Arrival rate - Family Scheme (lower bound),Arrival rate - Super Sponsor (lower bound),Weekly arrivals - Homes for Ukraine,Weekly arrivals - Family Scheme,Weekly arrivals - Super Sponsor,Weekly arrivals - Homes for Ukraine (upper bound),Weekly arrivals - Family Scheme (upper bound),Weekly arrivals - Super Sponsor (upper bound),Weekly arrivals - Homes for Ukraine (lower bound),Weekly arrivals - Family Scheme (lower bound),Weekly arrivals - Super Sponsor (lower bound),Weekly arrivals,Weekly arrivals (upper bound),Weekly arrivals (lower bound),Total arrivals,Total arrivals (upper bound),Total arrivals (lower bound)
2023-02-27,61,20350,19754,5769,23797,20267,15308,24396,20563,15550,23085,19971,15065,717,796,0.027507581257133113,0.03141513540591893,0.03141513540591893,0.06021803842324046,0.047587227831072706,0.047587227831072706,0,0.015243042980765144,0.015243042980765144,599,575,471,1311,871,714,0,279,229,1645,2896,508,165000,166251,163863
2023-03-06,62,18618,18205,5087,25548,21965,15509,26802,22594,16002,24022,21327,15007,674,786,0.027507581257133113,0.03141513540591893,0.03141513540591893,0.06021803842324046,0.047587227831072706,0.047587227831072706,0,0.015243042980765144,0.015243042980765144,655,637,481,1469,979,740,0,304,230,1773,3188,534,166773,169439,164397
2023-03-13,63,17048,16829,4486,27046,23427,15623,29003,24421,16374,24609,22404,14847,631,776,0.027507581257133113,0.03141513540591893,0.03141513540591893,0.06021803842324046,0.047587227831072706,0.047587227831072706,0,0.015243042980765144,0.015243042980765144,703,690,487,1614,1075,761,0,325,229,1880,3450,554,168653,172889,164951
2023-03-20,64,15620,15606,3956,28318,24681,15662,31019,26069,16678,24878,23232,14598,588,767,0.027507581257133113,0.03141513540591893,0.03141513540591893,0.06021803842324046,0.047587227831072706,0.047587227831072706,0,0.015243042980765144,0.015243042980765144,744,736,491,1747,1162,779,0,342,226,1971,3688,568,170624,176577,165519
2023-03-27,65,14318,14518,3488,29386,25751,15638,32866,27560,16923,24857,23836,14272,545,757,0.027507581257133113,0.03141513540591893,0.03141513540591893,0.06021803842324046,0.047587227831072706,0.047587227831072706,0,0.015243042980765144,0.015243042980765144,779,775,492,1868,1241,794,0,354,223,2046,3903,577,172670,180480,166096
2023-04-03,66,13127,13549,3076,30271,26658,15559,34559,28913,17117,24571,24240,13879,502,747,0.027507581257133113,0.03141513540591893,0.03141513540591893,0.06021803842324046,0.047587227831072706,0.047587227831072706,0,0.015243042980765144,0.015243042980765144,808,809,491,1979,1312,805,0,363,218,2108,4096,581,174778,184576,166677
2023-04-10,67,12034,12685,2712,30990,27423,15434,36111,30146,17269,24042,24466,13428,459,738,0.027507581257133113,0.03141513540591893,0.03141513540591893,0.06021803842324046,0.047587227831072706,0.047587227831072706,0,0.015243042980765144,0.015243042980765144,833,837,489,2081,1376,815,0,369,212,2159,4272,581,176937,188848,167258
2023-04-17,68,11026,11913,2391,31561,28062,15270,37534,31273,17385,23290,24531,12927,415,728,0.027507581257133113,0.03141513540591893,0.03141513540591893,0.06021803842324046,0.047587227831072706,0.047587227831072706,0,0.015243042980765144,0.015243042980765144,852,861,485,2175,1435,822,0,373,205,2198,4432,578,179135,193280,167836
2023-04-24,69,10094,11224,2108,31997,28588,15073,38838,32307,17471,22334,24451,12383,372,719,0.027507581257133113,0.03141513540591893,0.03141513540591893,0.06021803842324046,0.047587227831072706,0.047587227831072706,0,0.015243042980765144,0.015243042980765144,868,882,480,2260,1488,827,0,374,197,2230,4575,571,181365,197855,168407
2023-05-01,70,9230,10606,1859,32310,29017,14848,40031,33261,17531,21188,24241,11801,329,709,0.027507581257133113,0.03141513540591893,0.03141513540591893,0.06021803842324046,0.047587227831072706,0.047587227831072706,0,0.015243042980765144,0.015243042980765144,880,898,474,2339,1537,831,0,373,189,2252,4707,562,183617,202562,168969
2023-05-08,71,8425,10051,1639,32512,29359,14602,41122,34145,17571,19868,23912,11187,286,699,0.027507581257133113,0.03141513540591893,0.03141513540591893,0.06021803842324046,0.047587227831072706,0.047587227831072706,0,0.015243042980765144,0.015243042980765144,889,912,466,2411,1583,834,0,370,180,2267,4828,550,185884,207390,169519
2023-05-15,72,7672,9553,1445,32614,29625,14337,42118,34969,17594,18388,23475,10545,243,690,0.027507581257133113,0.03141513540591893,0.03141513540591893,0.06021803842324046,0.047587227831072706,0.047587227831072706,0,0.015243042980765144,0.015243042980765144,894,922,459,2476,1625,836,0,364,171,2275,4937,535,188159,212327,170054
2023-05-22,73,6965,9104,1274,32624,29823,14058,43025,35740,17604,16759,22940,9879,200,680,0.027507581257133113,0.03141513540591893,0.03141513540591893,0.06021803842324046,0.047587227831072706,0.047587227831072706,0,0.015243042980765144,0.015243042980765144,897,931,450,2536,1664,837,0,358,161,2278,5037,519,190437,217364,170573
2023-05-29,74,6299,8699,1123,32550,29962,13767,43848,36466,17604,14991,22315,9192,157,671,0.027507581257133113,0.03141513540591893,0.03141513540591893,0.06021803842324046,0.047587227831072706,0.047587227831072706,0,0.015243042980765144,0.015243042980765144,897,937,442,2591,1701,838,0,350,151,2276,5130,501,192713,222494,171074
2023-06-05,75,5668,8332,990,32400,30049,13468,44593,37154,17597,13096,21608,8487,114,661,0.027507581257133113,0.03141513540591893,0.03141513540591893,0.06021803842324046,0.047587227831072706,0.047587227831072706,0,0.015243042980765144,0.015243042980765144,895,941,432,2640,1735,838,0,340,140,2268,5213,480,194981,227707,171554
2023-06-12,76,5069,7998,873,32179,30090,13162,45263,37810,17585,11081,20825,7767,71,651,0.027507581257133113,0.03141513540591893,0.03141513540591893,0.06021803842324046,0.047587227831072706,0.047587227831072706,0,0.015243042980765144,0.015243042980765144,891,944,423,2685,1768,837,0,329,129,2258,5290,458,197239,232997,172012
2023-06-19,77,4498,7694,770,31893,30091,12852,45862,38439,17570,8954,19972,7033,28,642,0.027507581257133113,0.03141513540591893,0.03141513540591893,0.06021803842324046,0.047587227831072706,0.047587227831072706,0,0.015243042980765144,0.015243042980765144,885,945,413,2726,1799,837,0,317,118,2243,5362,435,199482,238359,172447
2023-06-26,78,3966,7416,679,31548,30056,12539,46394,39045,17554,6724,19053,6288,0,632,0.027507581257133113,0.03141513540591893,0.03141513540591893,0.06021803842324046,0.047587227831072706,0.047587227831072706,0,0.015243042980765144,0.015243042980765144,877,945,404,2762,1829,836,0,304,107,2226,5427,411,201708,243786,172858
2023-07-03,79,3497,7162,599,31149,29989,12225,46863,39632,17538,4399,18072,5533,0,623,0.027507581257133113,0.03141513540591893,0.03141513540591893,0.06021803842324046,0.047587227831072706,0.047587227831072706,0,0.015243042980765144,0.015243042980765144,868,944,394,2794,1858,835,0,290,96,2206,5487,386,203914,249273,173244
2023-07-10,80,3084,6928,528,30705,29894,11912,47276,40204,17525,1990,17033,4769,0,613,0.027507581257133113,0.03141513540591893,0.03141513540591893,0.06021803842324046,0.047587227831072706,0.047587227831072706,0,0.015243042980765144,0.015243042980765144,857,942,384,2822,1886,835,0,275,84,2183,5543,359,206097,254816,173603
2023-07-17,81,2719,6712,466,30225,29774,11600,47641,40763,17514,365,15939,3997,0,603,0.027507581257133113,0.03141513540591893,0.03141513540591893,0.06021803842324046,0.047587227831072706,0.047587227831072706,0,0.015243042980765144,0.015243042980765144,845,939,374,2847,1913,834,0,260,73,2158,5594,333,208255,260410,173936
2023-07-24,82,2398,6512,411,29715,29633,11291,47962,41314,17508,321,14793,3219,0,594,0.027507581257133113,0.03141513540591893,0.03141513540591893,0.06021803842324046,0.047587227831072706,0.047587227831072706,0,0.015243042980765144,0.015243042980765144,831,935,364,2869,1940,833,0,243,61,2130,5642,304,210385,266052,174240
2023-07-31,83,2114,6326,362,29182,29472,10985,48246,41859,17508,284,13597,2435,0,584,0.027507581257133113,0.03141513540591893,0.03141513540591893,0.06021803842324046,0.047587227831072706,0.047587227831072706,0,0.015243042980765144,0.015243042980765144,817,931,355,2888,1966,833,0,225,49,2103,5687,274,212488,271739,174514
2023-08-07,84,1864,6153,319,28629,29294,10683,48496,42400,17514,250,12353,1645,0,575,0.027507581257133113,0.03141513540591893,0.03141513540591893,0.06021803842324046,0.047587227831072706,0.047587227831072706,0,0.015243042980765144,0.015243042980765144,803,926,345,2905,1992,833,0,207,37,2074,5730,244,214562,277469,174758
